3249973276
3837489559
4346283869
7392353754
5367334269
2223379253
2273947293
2654636972
2993767437
9955374262

4370008700
4970000000
5580800000
8505688000
6589568700
3335600797
3385090806
4987869005
6005879769
0097485373

6703119811
6005221111
7906053211
9850000421
7700000042
4690067009
5700806048
6000000658
8470000000
1200000907

7814230032
9326344432
0037164322
0091111532
0052111164
9002178130
8042917180
8221111780
9581112232
2311112028

0035341143
0747455543
2359275433
1203222643
2374222275
0314399241
0454038291
0633332891
0892223343
4522223139

1146452254
1869666654
3470486544
2325433754
3485455486
1425500663
1565270804
2965455004
2004335686
6854334250

2268663365
2980877765
4592697655
3436544865
4596566597
2536611774
3786381915
4086566115
4225446797
7965445361

4600008797
4008000009
6909000000
4780000000
6900000000
5000078008
6000905057
6400989447
6568657909
9086556583

5722219900
6240311240
9060311122
8003211111
9042111111
7222299119
7113058268
7636000879
8900000050
0400000006

6833330021
8451434561
0371422233
0414322222
0453344333
0633400550
0634290800
0067123000
0031112393
3721111117

7944441132
9562545672
1482533344
1525433333
1564455444
1744622661
1745402911
1178345222
1142223505
4832222339

0065552243
0983656783
3693644455
2636544444
2675566555
2855734882
2856514032
2289457443
2253334627
5943333450

2397663354
3006767894
7008855566
6000965555
6000097666
6000075993
5000045143
4600878554
4596545738
7064444561

3500008786
4250000008
8130000000
7124000000
7112500000
7111300007
6111279575
5822989665
5708656849
8286555672

4611119897
5361111119
9241111111
8235111111
8223611111
8222534439
7223600009
6946000000
6940000000
9400000006

5722230000
7572234560
0552222233
0646222222
0634722233
0633645560
0744711130
0077111122
0071111111
0821111117

6833341111
8683345671
1663333344
1757333333
1745833344
1744756671
1855822241
1188222233
1182222222
1932222228

7944452222
9794456782
2774444455
2868444444
2856944455
3966977782
3099043352
3500543344
3506433333
3064333339

0086563333
0007567893
7009655566
6000865555
6000086566
6000009893
5400575463
4733754455
4617544455
4175444450

1200008765
1250000007
8130000000
7124000000
7112400000
7111240007
6511698895
5844865566
5728655566
5286555561

2311119876
2361111118
9241111111
8235111111
8223511111
8223584439
7624000009
6969000000
6960000000
6400000005

3422230097
4572234439
0552222222
0646222222
0634622233
0744695560
0077211130
0000211122
0004211111
9832111116

4533341200
5683345670
1663333344
1757333333
1745844344
1855807671
1188433241
1111322233
3325322222
0053222227

5644452311
6794456781
2774444455
2868444444
2856955455
2966918782
2299544352
2222433344
4436433333
1164333338

7976563422
9007567892
6009655566
6000865555
6000086566
5000049893
4600965463
3455644455
5547544444
2275444449

0000008854
0560000006
8230000000
7124000000
7112400000
6112390007
5712098895
4567865566
6658655566
3386555560

1111119965
1671111117
9341111111
8235111111
8223622111
7223605439
6946600009
6900000000
8000000000
5700000004

2222230086
3882234438
0652222222
0646222222
0634733233
0744716560
0077711130
0031111122
0421111111
7911111115

3333341197
4993345549
1763333333
1757333333
1745844344
1855827671
1188822241
1142222233
2642222222
9032222226

5665452300
7006456780
5006444455
4099444444
3966955455
2966938782
2299933352
2253333344
4853333333
0243333337

6776563411
8117567891
6239655566
6400865555
6000086566
5000079893
4600064463
3487654455
5964444444
1354444448

7900008843
9360000005
7360000000
7524000000
7112500000
6111300007
5822298895
5709765566
7096555555
3575555559

0021119954
0781111116
9571111111
8635111111
8223611111
7222534439
6945700009
6940000000
8300000000
4800000000

1132230075
2992234437
0992222222
0056222222
0744722233
0743645560
0076811130
0071111122
0831111111
7021111111

3464341186
5005345548
3005333333
2388333333
1855833344
1854756671
1187922241
1182222233
1942222222
8132222222

4575452297
6116456659
4238544444
4700754444
4000064455
4000097782
3600053352
3507543344
4074333333
0453333333

5686563400
7227567890
5349655566
5811865555
5111286566
5111209893
4711275463
4618654455
5185444444
1564444444

6800008832
8470000004
6470000000
6935000000
6223600000
6222440007
5822398895
5729765566
6296555555
2675555555

7911119943
9581111115
8691111111
8056111111
8444711111
7333674439
6945800008
6960000009
7500000097
3900000976

0053230064
0004234436
0004222222
0688222222
0855822233
0854785560
0087911140
0002111250
0052112400
7031112000

1164341175
1115345547
2347433333
3000643333
4000064344
3000007671
2400053251
1236432361
1163223511
8142223111

2275452286
2226456658
3458544444
4111754444
5111175455
4111118782
3511164362
2347543472
2274334622
9253334222

3386563397
3337567769
4569655555
5222865555
6222286566
5222229893
4622275473
3458654583
4485445733
0464445333

4500008800
4580000000
5690000000
6346000000
7334600000
6333460008
5733399007
4569766906
5596556955
1575556444

5722119911
5803111111
6903111111
7568111111
8445711111
7444693219
6967800428
5800000037
6900000086
2800000865

7943230032
9034234432
0044222222
0099222222
0966933233
0966905340
0099032550
0042221159
0041111197
6031111976

0064341143
0455345543
2377433333
2400643333
3000064344
3000036451
2400453672
1275432390
1152223500
7142223000

1175452254
1566456654
3488544444
3511754444
4111175455
4111147562
3511564894
2386543502
2263334722
8253334111

2286563365
2677567765
4599655555
4622865555
5222286566
5222259894
4622676006
3497655834
3374445833
9364445222

4600008797
4000000009
6900000000
5857000000
6334600000
6333490008
5844799438
4609766945
5696556944
0575556333

5711119900
6221111240
9031111122
8088111111
8555822111
7445804219
6968000859
5840000076
6900000075
1800000754

6822230021
8432234561
0342222233
0499222222
0966933233
0966915340
0099111980
0081111198
0041111186
5031111865

7933341132
9543345672
1575433344
2800643333
3000064344
3000047672
2500533004
1305323600
1263223600
6142223009

0054452243
0964456783
3786544455
3911754444
4111175455
4111158783
3611644115
2416434711
2374334722
7253334120

2386563354
3007567894
7009655566
6053865555
6332286566
5222269894
4722755226
3527545822
3485445833
8364445231

3500008786
4250000008
8130000000
7177000000
7444700000
6333500008
5833989658
4638656933
4596556944
9475556342

4611119897
5361111119
9241111111
8288111111
8555811111
7445844329
6957000089
5870000074
6900000075
0800000763

5722230000
7572234560
0552222233
0699222222
0966922233
0966955560
0099111300
0002111308
0052111297
4031111874

6833341111
8683345671
2895433344
3000643333
4000053344
3000086671
2400532422
1235322540
1163223600
5142223008

0075452222
0006456782
6008544455
5332754444
5111164455
4111197782
3511643533
2346433651
2274334711
6253334119

1186563333
1117567893
7119655566
6443865555
6222386566
5222309893
4622865644
3457544762
3385445833
7364445230

2300008765
2360000007
8240000000
7567000000
7334700000
6333540007
5733989086
4568656983
4496556944
8475556341

3411119876
3471111118
9351111111
8678111111
8445811111
7445883329
6968000609
5800000006
5800000086
9700000762

4522230097
5682234439
0772222222
0099222222
0966922233
0966994450
0099111730
0041111128
0041111197
0031111873

6854341200
8005345670
3007433344
3600643333
3000064344
3000006561
2400643852
1274322360
1152223500
1142223007

7965452311
9116456781
4118544455
4711754444
4111175455
4111117672
3511754963
2385433471
2263334611
2253334118

0086563422
0537567892
6329655566
5822865555
5222286566
5222229893
4622866084
3496545692
3374445722
3364445229

1200008854
1780000006
7450000000
6946000000
6334600000
6333460008
5844989608
4608656905
4596556955
4475556340

2311119965
2891111117
9671111111
8067111111
8555822111
7445805329
6968000039
5840000046
5800000086
5700000761

4643230086
6004234438
0004222222
0699222222
0966933233
0966916450
0099111160
0081111168
9031111197
7921111872

5754341197
7115345549
2347433333
3000643333
4000064344
3000047561
2500532393
2405322400
0563223600
0042223006

6865452300
8226456780
3458544455
4111754444
5111175455
4111158783
3611643505
3516433622
1674334711
1153334117

7976563411
9337567891
4569655566
5222865555
6222286566
5222269894
4722754616
4627544733
2785445822
2264445228

0000008843
0890000005
6790000000
6346000000
7334700000
6333500008
5833989058
5738656954
3896556933
3375556339

2332119954
3003111116
9003111111
8678111111
8445811111
8555843219
8088000479
9000000085
6000000075
5700000760

3443230075
5214234437
0424222222
0099222222
0966922233
0966954450
0499111700
0311111309
8211111297
6811111871

4554341186
6325345548
1657433333
2400643333
3000053344
3000085561
2800532822
1544322540
9322223600
7922223005

5665452297
7436456659
2768544444
3511754444
4111164455
4111196672
3911643933
3755433651
0743334711
0043334116

6776563400
8547567890
3879655566
4622865555
5222386566
6332309893
5032866054
5976545872
1854445822
1154445227

0000008832
0000000004
7000000000
6967000000
6334700000
7443540007
7364989486
8008656983
4096556933
3375556338

1111119943
1111111115
9221111111
8088111111
8555811111
8555884439
8488000009
9240000006
5300000075
4600000759

2222230064
3322234436
0532222222
0499222222
0966922233
0966995560
0899111130
0551111128
7511111197
5711111870

3333341175
4433345547
1765433333
2800643333
3000064344
4000007671
3000643252
2894322360
8622223500
6822223004

4444452286
5544456658
2876544444
3911754444
4111175455
5111118782
5332754363
6006433471
0074334611
0053334115

5555563397
7876567769
5008655555
6053865555
6332286566
6222229893
6443865474
7117544582
1185445722
1164445226

7900008800
9000000000
7350000000
7177000000
7444600000
7333460008
7554989008
8228656905
2296556944
2275556337

0021119911
0421111111
9561111111
8288111111
8555822111
8445804219
8678000429
9460000036
3500000075
3500000758

1132230032
2632234432
0872222222
0699222222
0966933233
0966915340
0099111550
0881111158
5711111186
4611111869

2243341143
4964345543
3006433333
4000643333
4000064344
3000046451
3600532672
3005322390
8053223500
6832223000

4464452254
6085456654
5227544444
5111754444
5111175455
4111157562
4711643894
4116433502
9164334722
7943334111

5575563365
7196567765
6338655555
6222865555
6222286566
5222269894
5822755006
6327545834
0585445833
0064445222

6800008797
8400000009
7570000000
7346000000
7334700000
6333500008
6933989438
7438656945
1696556944
1175556333

7911119900
9511111240
8681111122
8457111111
8445811111
8555843219
8067000859
9780000076
2900000075
2400000754

0042230021
0063234561
0003222233
0099222222
0966922233
0966954340
0699111980
0002111198
6042111186
4621111865

1153341132
1174345672
1236433344
2400643333
3000053344
4000086672
3000533004
2345323600
7153223600
5732223009

2264452243
2285456783
2347544455
3511754444
4111164455
5111197783
4111644115
3456434711
8264334722
6843334120

3375563354
3396567894
3458655566
4622865555
5222386566
6222309894
5222866226
4567545822
9375445833
7954445231

4600008786
4600000008
4690000000
5746000000
6334700000
7333540008
6333989658
6778656933
0796556944
0075556342

5711119897
5822111119
5802111111
6968111111
7445811111
8445884329
8678000089
9000000074
3000000075
2400000763

7932230000
9053234560
0043222233
0099222222
0966922233
0966995560
0099111300
0421111308
5211111297
3511111874