6833330021
8451434561
0371422233
0414322222
0453344333
0633400550
0634290800
0067123000
0031112393
3721111117

1200008765
1250000007
8130000000
7124000000
7112400000
7111240007
6511698895
5844865566
5728655566
5286555561

5665452300
7006456780
5006444455
4099444444
3966955455
2966938782
2299933352
2253333344
4853333333
0243333337

0053230064
0004234436
0004222222
0688222222
0855822233
0854785560
0087911140
0002111250
0052112400
7031112000

4600008797
4000000009
6900000000
5857000000
6334600000
6333490008
5844799438
4609766945
5696556944
0575556333

0075452222
0006456782
6008544455
5332754444
5111164455
4111197782
3511643533
2346433651
2274334711
6253334119

4643230086
6004234438
0004222222
0699222222
0966933233
0966916450
0099111160
0081111168
9031111197
7921111872

0000008832
0000000004
7000000000
6967000000
6334700000
7443540007
7364989486
8008656983
4096556933
3375556338

4464452254
6085456654
5227544444
5111754444
5111175455
4111157562
4711643894
4116433502
9164334722
7943334111

7932230000
9053234560
0043222233
0099222222
0966922233
0966995560
0099111300
0421111308
5211111297
3511111874

3500008854
4250000006
8130000000
7177000000
7444700000
7443500008
6143989608
5987656905
6655556955
5555556340

7965452297
9116456659
4118544444
4711754444
4111175455
4111117672
4732754933
5006433651
3074334711
2253334116

3443230032
5214234432
0424222222
0099222222
0966922233
0856954340
0868111550
0881111158
6811111186
5711111869

7900008786
9000000008
7350000000
7177000000
7444600000
6333460008
5733989658
5668656933
1796556944
1175556342

2264452311
2285456781
2347544455
3511754444
4111164455
5111196672
5332643963
4006433471
6954334611
4633334118

6822230075
8432234437
0064322222
0000532222
0000053233
0000035450
0000421700
0004211309
0052111297
0031111871

2400008800
2400000000
6780000000
4457000000
4445800000
4444640008
4444989008
5548656905
3796556944
3375556337

6854452243
8275456783
2227544455
2222754444
2222275455
2222258783
2222644115
4436434711
0074334722
0053334120

2222230097
4543234439
0005322222
0000532222
0000053233
0000005450
0000532730
0004211128
6042111197
4621111873

6800008843
8400000005
5680000000
4457000000
4445800000
4444600008
4444989058
4448656954
9876556933
7955556339

1164452286
1585456658
3327544444
2222754444
2222275455
2222228782
2222754363
2226433471
2964334611
2243334115

5722230021
7793234561
0005322233
0000532222
0000042233
0000074340
0000421980
0004211198
8042111186
6821111865

2400008765
2000000007
8400000000
5678000000
4445700000
4444570007
4444989086
6658656983
1196556944
1175556341

4444452300
6654456780
2286544455
2222754444
2222264455
2222297783
2222643505
2226433622
7264334711
5743334117

0042230064
0063234436
0005322222
0000532222
0000053233
0000036560
0000421130
0004211128
0742111197
0021111870

4600008797
4000000009
4980000000
3757000000
3745800000
3744640008
3744989438
3858656945
3396556944
3375556333

9075452222
0007556782
0003644455
0064854444
0632275455
0632258782
0053643533
0006433651
0864334711
9043334119

2622230086
5682234438
4584322222
5711532222
6111153233
6111116450
5811111160
4711111168
5811111197
2711111872

8300008832
2360000004
2240000000
2299000000
2966800000
2965680007
2275568486
2285556983
2285556933
8275556338

4075452254
0006456654
0008544444
0064754444
0743375455
0743337562
0053333894
0063333502
0063334722
4053334111

4522230000
4582234560
4584322233
5711532222
6111153233
6111116560
5811111300
4711111308
4711111297
4611111874

0000008854
0880000006
0650000000
0999000000
0966800000
0855680008
0855568608
0855556905
0965556955
0065556340

3375452297
3336456659
3338544444
3333754444
3333375455
3333337672
3333333933
3333333651
3333334711
3333334116

6822230032
6922234432
6922222222
6922222222
6822222233
6792222240
6679222240
6667922238
6666792286
6666679769

2400008786
2500000008
2500000000
2500000000
2400000000
2350000008
2235000008
2223500004
2222350053
2222234432

5744452311
5844456781
5844444455
5844444444
5744444455
5684444462
5568444462
5556844458
5555684486
5555567765

1111120075
1111123867
1111111111
1111111111
1111111122
1111111130
1111111130
1111111122
1111111111
1111111111

4444444611
4444444661
4444444566
4444444444
4444444444
4444444444
4444444444
4444444444
4444444444
4444444444

6666666744
6666666794
6666666677
6666666666
6666666666
6666666666
6666666666
6666666666
6666666666
6666666666

0000000000
0000000000
0000000000
0000000000
0000000000
0000000000
0000000000
0000000000
0000000000
0000000000